intrinsic:
969.251 0.0 967.806
0.0 969.251 532.669
0.0 0.0 1.0 
distortion:
0 0 0 0 0 
