intrinsic:
476.3007434666 0.0000000000 318.9304561306
0.0000000000 476.1945575751 178.2312345885
0.0000000000 0.0000000000 1.0000000000
distortion:
0.0350063467 -0.1614341429 -0.0004064587 0.0003555130 0.1234004089