guiSave0.png: [[-2.421994371688496, -1.6566338323391296, 4.999412515698184], [0.16118996576526762, 3.094002520604331, 0.03854352790609891]]
guiSave6.png: [[-4.356923530327565, -1.9709200024243554, 7.3891667731036605], [0.21616761548287103, 3.099035801535953, -0.0632093819585946]]
guiSave7.png: [[-4.420743894410338, -1.9873200074812416, 7.4638772970415355], [0.21284591390432717, 3.096637592962051, 0.0014197023642626696]]
