guiSave0.png: [[-3.2185848319340136, -2.979518812370661, 7.364437251032843], [-0.1779582388799764, 1.9372144576267774, 0.5266814176570305]]
guiSave1.png: [[-2.992406743502831, -2.810523848556371, 6.936298338499366], [-0.2474568748867286, 1.9090411608468771, 0.6523201511243446]]
guiSave2.png: [[-2.742724037403447, -2.7563904560329835, 6.591588919401239], [-0.48405255781818524, 3.1638567164369262, 0.008411061743515512]]
guiSave3.png: [[-2.7522428358175297, -2.759359724870267, 6.60384742403504], [-0.4917588727103937, 3.1668473125724868, 0.014517279006128543]]
guiSave4.png: [[-2.766808933729007, -2.801013959836225, 6.6634579805216125], [-0.5326409772804073, 3.1823409470694966, 0.06781192855854798]]
guiSave5.png: [[-2.7590831344538698, -2.844018292956592, 6.649912701723474], [-0.5159428957174769, 3.182860547680233, 0.048255321825761865]]
guiSave6.png: [[-2.110357544181238, -2.490865370608223, 5.7767460012346294], [-0.6800778069428818, 3.1536483281540146, 0.06545959344882983]]
guiSave7.png: [[-2.1068347622243153, -2.4988941870410932, 5.786701358346325], [-0.6670976944972127, 3.1559253208195823, 0.02671307314559195]]
guiSave8.png: [[-2.104186635550853, -2.4969476334211405, 5.783051970146458], [-0.6734293353475692, 3.149317887704574, 0.03164807967746023]]
guiSave9.png: [[-2.1024433552448403, -2.496669024476224, 5.7861432228733065], [-0.6771480074196002, 3.1460888905773174, 0.026392347229060392]]
guiSave10.png: [[-2.133749843372369, -2.526485926423507, 5.89641958919264], [-0.6839083525638552, 3.0918694297473017, -0.013421185602786335]]
guiSave11.png: [[-2.4629613216698703, -2.0124221841582624, 6.1772358270804055], [-0.657266955380453, 3.194095021633855, 0.05308178476532308]]
guiSave12.png: [[-2.457332884623677, -2.0382928392246775, 6.193863812395219], [-0.6334002006140975, 3.1739200249745445, 0.006149528420506444]]
guiSave13.png: [[-2.144955016689075, -1.8061993198563586, 5.409536418288307], [0.02526406048001059, 3.1982424810402867, -0.4063603994807173]]
guiSave14.png: [[-2.136846352012865, -1.7990147957352567, 5.376052180302336], [0.03005988720575141, 3.21650880931462, -0.37341951059697426]]
guiSave15.png: [[-3.1706857678843248, -1.159487737238826, 7.1112313160026135], [-1.4798757777547438, 1.3523286736972007, -0.2816601897960204]]
guiSave16.png: [[-2.701728345415199, -2.3466668521766345, 4.639468894046921], [-2.227427506455804, -2.2748178226702014, 0.057396369188245394]]
guiSave17.png: [[-2.4703950295012556, -2.259792850848043, 4.317511296558321], [-2.236832270077905, -2.277212653254378, 0.03754456695013494]]
guiSave18.png: [[-3.0154789201968835, -2.4777980620055744, 5.095791811842642], [-2.2388798497416893, -2.2715294625977593, 0.07274002963036276]]
guiSave19.png: [[-3.8384853515501964, -2.703439226609056, 6.425650084860576], [-2.095185498368003, -2.256372751322533, -0.041959179730061684]]
guiSave20.png: [[-3.5566657476232306, -2.41839401319079, 5.552456709256765], [-2.1692239932265007, -2.238638141615339, -0.015915981361337414]]
guiSave21.png: [[-5.501362199193994, -3.6711444182897917, 7.530270775433532], [2.2798917674612413, 2.2176566708781618, 0.06645727940072957]]
guiSave22.png: [[-5.4847174071976355, -3.648363926912688, 7.482606894369241], [-2.216643237434202, -2.165924082689135, -0.023451807731702655]]
guiSave23.png: [[-5.633992299630081, -3.7217903335278844, 7.634352970096677], [2.2934677701952855, 2.1872487892984815, 0.11780580412195549]]
guiSave24.png: [[-5.578116819036004, -3.688710503843968, 7.563890185081133], [2.2794654321977195, 2.195146650247549, 0.0706959115159523]]
guiSave25.png: [[-6.301617234989331, -3.3537549018138013, 7.180651477146866], [2.2733025218526066, 2.2112087225704276, 0.23020366308176535]]
guiSave26.png: [[-6.300202725618557, -3.3558434398583863, 7.176605828990376], [2.2657246794948627, 2.213022734447064, 0.24227109269325028]]
guiSave27.png: [[-2.496215097347728, -1.3323161696299441, 5.782864902424735], [-0.08412807474668152, 3.1711421978360463, 0.11742394179071498]]
