img0: [[-2.492019769492603, -2.032886164001149, 5.40905617889463], [-0.10394291467572934, 3.1657052344634318, -0.01121877859105309]]
img1: [[-2.5029301673467605, -2.0734540508525057, 5.407471205109389], [-0.11520342518252491, 3.1523730834598105, -0.024726513938941902]]
img2: [[-3.59536316520523, -2.2688430432622524, 5.737542112602018], [-0.1150450650868186, 3.131791379616945, 0.0012074417108766243]]
img3: [[-2.126632067054149, -1.4513694643743476, 3.4642098905071483], [0.011927025027054273, 3.1137463455721828, -0.02087027132654498]]
img4: [[-2.0381839684805416, -0.7817472930142028, 5.082083897045108], [2.2214452336046917, -2.302740893646584, 0.021131595672072567]]
img5: [[-2.0332209424464325, -0.7764939219221658, 5.159245058450431], [-2.1350855837825637, 2.1754796574996633, -0.009996057637963872]]
